#NSGA2
popsize 10
maxGen 100
numVar 4
numObj 2
numCons 4
stateFieldNames	currentGen	evaluateCount	totalTime	firstFrontCount	frontCount	avgEvalTime	
#end


#Generation 1 / 100
currentGen	1
evaluateCount	10
totalTime	0.272335
firstFrontCount	1
frontCount	10
avgEvalTime	0.00169088
#end
Var1	Var2	Var3	Var4	Obj1	Obj2	Cons1	Cons2	Cons3	Cons4	
1.68503	1.81168	0.254847	913.462	0.777979	-913.462	0	0	0	0	
1.37501	0.195983	0.557718	547.335	0.150293	-547.335	0	0	0	0	
1.92776	1.92981	0.316069	970.622	1.17584	-970.622	0	0	0	0	
1.92718	0.971266	1.60076	142.744	2.99632	-142.744	0	0	0	0	
1.01699	1.83156	1.58462	959.533	2.95165	-959.533	0	0	0	0	
1.41476	0.0723876	1.69841	934.059	0.173936	-934.059	0	0	0	0	
1.45385	1.51572	1.48652	392.835	3.27575	-392.835	0	0	0	0	
1.41431	0.343202	1.41239	32.801	0.685565	-32.801	0	0	0	0	
0.770769	0.0932966	0.195166	823.634	0.0140344	-823.634	0	0	0	0	
1.48121	0.634882	1.90049	35.4116	1.78721	-35.4116	0	0	0	0	



#Generation 10 / 100
currentGen	10
evaluateCount	100
totalTime	6.63365
firstFrontCount	1
frontCount	10
avgEvalTime	3.901e-05
#end
Var1	Var2	Var3	Var4	Obj1	Obj2	Cons1	Cons2	Cons3	Cons4	
1.63326	0.0698781	0.155706	269.989	0.0177705	-269.989	0	0	0	0	
1.77498	0.10204	0.174171	577.225	0.0315458	-577.225	0	0	0	0	
1.58614	0.0698781	0.164504	269.989	0.0182331	-269.989	0	0	0	0	
1.83214	0.10204	0.174171	671.548	0.0325616	-671.548	0	0	0	0	
1.73746	0.127846	0.167381	931.924	0.0371798	-931.924	0	0	0	0	
1.77498	0.10204	0.142351	577.225	0.0257826	-577.225	0	0	0	0	
1.50933	0.171294	0.122502	269.989	0.0316716	-269.989	0	0	0	0	
1.76888	0.159503	0.198944	357.444	0.05613	-357.444	0	0	0	0	
1.50319	0.163691	0.13785	998.578	0.033919	-998.578	0	0	0	0	
1.50319	0.0599409	0.13785	971.936	0.0124206	-971.936	0	0	0	0	



#Generation 20 / 100
currentGen	20
evaluateCount	200
totalTime	7.08477
firstFrontCount	3
frontCount	4
avgEvalTime	3.955e-05
#end
Var1	Var2	Var3	Var4	Obj1	Obj2	Cons1	Cons2	Cons3	Cons4	
1.67104	0.135949	0.164504	310.092	0.0373713	-310.092	0	0	0	0	
1.7914	0.10204	0.174171	243.6	0.0318377	-243.6	0	0	0	0	
1.67237	0.0458783	0.153257	96.2459	0.0117587	-96.2459	0	0	0	0	
1.78262	0.136088	0.165268	224.934	0.040093	-224.934	0	0	0	0	
1.63799	0.161575	0.158357	227.873	0.0419104	-227.873	0	0	0	0	
1.89393	0.151786	0.174171	307.586	0.0500694	-307.586	0	0	0	0	
1.67904	0.135949	0.167176	96.2459	0.0381602	-96.2459	0	0	0	0	
1.63799	0.161575	0.154252	211.856	0.040824	-211.856	0	0	0	0	
1.93793	0.151786	0.174171	307.586	0.0512328	-307.586	0	0	0	0	
1.64024	0.161575	0.154252	153.582	0.04088	-153.582	0	0	0	0	



#Generation 30 / 100
currentGen	30
evaluateCount	300
totalTime	7.66023
firstFrontCount	6
frontCount	2
avgEvalTime	4.214e-05
#end
Var1	Var2	Var3	Var4	Obj1	Obj2	Cons1	Cons2	Cons3	Cons4	
1.7914	0.10204	0.174171	243.6	0.0318377	-243.6	0	0	0	0	
1.67237	0.0458783	0.153257	96.2459	0.0117587	-96.2459	0	0	0	0	
1.76187	0.10204	0.174171	168.027	0.0313128	-168.027	0	0	0	0	
1.53854	0.102696	0.153257	158.508	0.0242148	-158.508	0	0	0	0	
1.67104	0.135949	0.156749	310.092	0.0356095	-310.092	0	0	0	0	
1.67237	0.0458783	0.153257	96.2459	0.0117587	-96.2459	0	0	0	0	
1.68488	0.0458783	0.153257	96.2459	0.0118466	-96.2459	0	0	0	0	
1.67104	0.135949	0.164504	310.092	0.0373713	-310.092	0	0	0	0	
1.67104	0.135949	0.164504	310.092	0.0373713	-310.092	0	0	0	0	
1.70259	0.102696	0.153257	158.508	0.0267967	-158.508	0	0	0	0	



#Generation 40 / 100
currentGen	40
evaluateCount	400
totalTime	10.4507
firstFrontCount	10
frontCount	1
avgEvalTime	3.395e-05
#end
Var1	Var2	Var3	Var4	Obj1	Obj2	Cons1	Cons2	Cons3	Cons4	
1.34673	0.001	0.123075	1	0.000165749	-1	0	0	0	0	
1.34673	0.001	0.123075	1	0.000165749	-1	0	0	0	0	
1.67104	0.135949	0.156749	310.092	0.0356095	-310.092	0	0	0	0	
1.7914	0.10204	0.174171	243.6	0.0318377	-243.6	0	0	0	0	
1.7914	0.0245601	0.159045	12.0179	0.00699752	-12.0179	0	0	0	0	
1.53854	0.102696	0.153257	158.508	0.0242148	-158.508	0	0	0	0	
1.54525	0.0521918	0.153257	125.809	0.0123601	-125.809	0	0	0	0	
1.76187	0.0916314	0.174171	168.027	0.0281186	-168.027	0	0	0	0	
1.67237	0.0458783	0.153257	96.2459	0.0117587	-96.2459	0	0	0	0	
1.67237	0.0458783	0.153257	96.2459	0.0117587	-96.2459	0	0	0	0	



#Generation 50 / 100
currentGen	50
evaluateCount	500
totalTime	11.0803
firstFrontCount	10
frontCount	1
avgEvalTime	3.112e-05
#end
Var1	Var2	Var3	Var4	Obj1	Obj2	Cons1	Cons2	Cons3	Cons4	
1.34673	0.001	0.123075	1	0.000165749	-1	0	0	0	0	
1.34673	0.001	0.123075	1	0.000165749	-1	0	0	0	0	
1.59109	0.135949	0.156749	337	0.0339057	-337	0	0	0	0	
1.54525	0.0285563	0.153257	19.3402	0.00676271	-19.3402	0	0	0	0	
1.49064	0.102696	0.135968	153.946	0.0208143	-153.946	0	0	0	0	
1.67237	0.0458783	0.153257	96.2459	0.0117587	-96.2459	0	0	0	0	
1.54525	0.0521918	0.153257	125.809	0.0123601	-125.809	0	0	0	0	
1.7914	0.10204	0.174171	243.6	0.0318377	-243.6	0	0	0	0	
1.59109	0.133596	0.156749	306.001	0.0333188	-306.001	0	0	0	0	
1.75982	0.0916314	0.174171	171.778	0.0280859	-171.778	0	0	0	0	



#Generation 60 / 100
currentGen	60
evaluateCount	600
totalTime	11.3427
firstFrontCount	10
frontCount	1
avgEvalTime	2.789e-05
#end
Var1	Var2	Var3	Var4	Obj1	Obj2	Cons1	Cons2	Cons3	Cons4	
1.58459	0.154457	0.156749	410.253	0.0383643	-410.253	0	0	0	0	
1.3292	0.001	0.123075	1	0.000163592	-1	0	0	0	0	
1.75982	0.0916314	0.174171	171.778	0.0280859	-171.778	0	0	0	0	
1.59109	0.123877	0.156749	331.665	0.030895	-331.665	0	0	0	0	
1.3826	0.102696	0.12957	153.946	0.0183974	-153.946	0	0	0	0	
1.54525	0.0521918	0.153257	125.809	0.0123601	-125.809	0	0	0	0	
1.31372	0.0521918	0.130995	58.1487	0.00898168	-58.1487	0	0	0	0	
1.54525	0.0285563	0.153257	19.3402	0.00676271	-19.3402	0	0	0	0	
1.59109	0.135949	0.156749	337	0.0339057	-337	0	0	0	0	
1.59109	0.135949	0.156749	337	0.0339057	-337	0	0	0	0	



#Generation 70 / 100
currentGen	70
evaluateCount	700
totalTime	11.5301
firstFrontCount	10
frontCount	1
avgEvalTime	5.327e-05
#end
Var1	Var2	Var3	Var4	Obj1	Obj2	Cons1	Cons2	Cons3	Cons4	
1.58459	0.154457	0.156749	410.253	0.0383643	-410.253	0	0	0	0	
1.2895	0.001	0.123075	1	0.000158706	-1	0	0	0	0	
1.59109	0.123877	0.156749	331.665	0.030895	-331.665	0	0	0	0	
1.3826	0.102696	0.12957	153.946	0.0183974	-153.946	0	0	0	0	
1.57034	0.123877	0.156749	172.654	0.0304921	-172.654	0	0	0	0	
1.58489	0.146095	0.156749	374.422	0.0362943	-374.422	0	0	0	0	
1.54525	0.0521918	0.153257	125.809	0.0123601	-125.809	0	0	0	0	
1.31372	0.0277364	0.130995	53.397	0.00477316	-53.397	0	0	0	0	
1.75982	0.0916314	0.174171	171.778	0.0280859	-171.778	0	0	0	0	
1.45897	0.0521918	0.129618	89.0752	0.00986992	-89.0752	0	0	0	0	



#Generation 80 / 100
currentGen	80
evaluateCount	800
totalTime	11.7709
firstFrontCount	10
frontCount	1
avgEvalTime	4.321e-05
#end
Var1	Var2	Var3	Var4	Obj1	Obj2	Cons1	Cons2	Cons3	Cons4	
1.2895	0.001	0.123075	1	0.000158706	-1	0	0	0	0	
1.58459	0.154457	0.156749	410.253	0.0383643	-410.253	0	0	0	0	
1.35751	0.102696	0.134391	274.102	0.0187355	-274.102	0	0	0	0	
1.59109	0.123877	0.156749	331.665	0.030895	-331.665	0	0	0	0	
1.3826	0.102696	0.12957	153.946	0.0183974	-153.946	0	0	0	0	
1.54525	0.0521918	0.153257	125.809	0.0123601	-125.809	0	0	0	0	
1.45897	0.0521918	0.129618	89.0752	0.00986992	-89.0752	0	0	0	0	
1.31372	0.0277364	0.130995	53.397	0.00477316	-53.397	0	0	0	0	
1.58489	0.146095	0.156749	374.422	0.0362943	-374.422	0	0	0	0	
1.31372	0.0400766	0.130672	54.6735	0.00687978	-54.6735	0	0	0	0	



#Generation 90 / 100
currentGen	90
evaluateCount	900
totalTime	12.0976
firstFrontCount	10
frontCount	1
avgEvalTime	3.522e-05
#end
Var1	Var2	Var3	Var4	Obj1	Obj2	Cons1	Cons2	Cons3	Cons4	
1.25384	0.001	0.123075	1	0.000154316	-1	0	0	0	0	
1.58459	0.154457	0.156749	410.253	0.0383643	-410.253	0	0	0	0	
1.35751	0.102696	0.134391	274.102	0.0187355	-274.102	0	0	0	0	
1.59109	0.123877	0.156749	331.665	0.030895	-331.665	0	0	0	0	
1.3826	0.102696	0.12957	153.946	0.0183974	-153.946	0	0	0	0	
1.58489	0.146095	0.156749	374.422	0.0362943	-374.422	0	0	0	0	
1.45897	0.0521918	0.129618	89.0752	0.00986992	-89.0752	0	0	0	0	
1.31372	0.0277364	0.130995	53.397	0.00477316	-53.397	0	0	0	0	
1.54899	0.0521918	0.153257	133.652	0.01239	-133.652	0	0	0	0	
1.31372	0.0400766	0.130672	54.6735	0.00687978	-54.6735	0	0	0	0	



#Generation 100 / 100
currentGen	100
evaluateCount	1000
totalTime	12.3153
firstFrontCount	10
frontCount	1
avgEvalTime	3.192e-05
#end
Var1	Var2	Var3	Var4	Obj1	Obj2	Cons1	Cons2	Cons3	Cons4	
1.24258	0.001	0.123075	1	0.000152931	-1	0	0	0	0	
1.35751	0.102696	0.134391	274.102	0.0187355	-274.102	0	0	0	0	
1.59109	0.123877	0.156749	331.665	0.030895	-331.665	0	0	0	0	
1.31372	0.0277364	0.130995	53.397	0.00477316	-53.397	0	0	0	0	
1.32902	0.0975614	0.12957	213.945	0.0168002	-213.945	0	0	0	0	
1.45897	0.0521918	0.129618	89.0752	0.00986992	-89.0752	0	0	0	0	
1.58489	0.146095	0.156749	374.422	0.0362943	-374.422	0	0	0	0	
1.326	0.0820511	0.12957	153.946	0.0140972	-153.946	0	0	0	0	
1.54899	0.0521918	0.153257	133.652	0.01239	-133.652	0	0	0	0	
1.58459	0.154457	0.156749	417.665	0.0383643	-417.665	0	0	0	0	



